/**
 ** The ENCARA2 project
 ** Copyright (C) 2003-2011
 **    Universidad de Las Palmas de Gran Canaria (ULPGC) (<http://www.ulpgc.es>)
 **    
 **    This software is a project which has been designed, developed and
 **    written, and is maintained by members, students and collaborators of the División
 **    de Inteligencia Artificial y Sistemas (DIAS) at the Instituto Universitario de 
 **    Sistemas Inteligentes y Aplicaciones Numéricas en Ingeniería (SIANI) 
 **    (<http://www.siani.es/>), and also of the Departamento de Informática y Sistemas 
 **    (DIS) (<http://www.dis.ulpgc.es>) both at ULPGC. 
 ** 
 ** This file is part of the ENCARA2 Project.
 ** The ENCARA2 Project is free software: you can redistribute it and/or modify
 ** it under the terms of the GNU General Public License as published by
 ** the Free Software Foundation, either version 3 of the License, or any
 ** later version.
 ** 
 ** The ENCARA2 Project is distributed in the hope that it will be useful,
 ** but WITHOUT ANY WARRANTY; without even the implied warranty of
 ** MERCHANTABILITY or FITNESS FOR A PARTICULAR PURPOSE. See the
 ** GNU General Public License for more details.
 ** 
 ** You should have received a copy (COPYING file) of the GNU General Public License
 ** along with the ENCARA2 Project . If not, see <http://www.gnu.org/licenses/>.
 **/
 #ifndef	_GABORW
#define _GABORW
/*
  Based on  apply_filters.c written by David Bolme - Colorado State University

  This code is used to extract regularly spaced gabor jets from a
  normalized face image.

  Usage: apply_filters nrm_image gabor_image

  The program creates a file (gabor_image) of SUN floating point values that
  corispond to 675 gabor jets of length 32 each.


  Modified by por Modesto Castrillón Santana to make use of IplImages 10/11/04, and generate a float
  image with 32 channels
*/

//OpenCV
//OPENCV
#ifndef OPENCVINCLUDED
#include "cv.h"
#include "cvaux.h"


#ifndef         USES_OF
#include "highgui.h"
#endif
#ifndef ENCARA2INLINUX
	#include "highgui.h" //Used in windows
#endif
#endif

#include <stdio.h>
#include <math.h>


/************************************************************************************************

	Las distintas máscaras predefinidas

************************************************************************************************/

static const float mask0even[121] = {
(float) 0.001080, (float) 0.002584, (float) 0.005095, (float) 0.008272, (float) 0.011065, (float) 0.012191, (float) 0.011065, (float) 0.008272, (float) 0.005095, (float) 0.002584, (float) 0.001080,
(float) 0.016185, (float) 0.038738, (float) 0.076365, (float) 0.123999, (float) 0.165854, (float) 0.182737, (float) 0.165854, (float) 0.123999, (float) 0.076365, (float) 0.038738, (float) 0.016185,
(float) -0.003095, (float) -0.007408, (float) -0.014604, (float) -0.023713, (float) -0.031717, (float) -0.034946, (float) -0.031717, (float) -0.023713, (float) -0.014604, (float) -0.007408, (float) -0.003095,
(float) -0.051930, (float) -0.124293, (float) -0.245024, (float) -0.397863, (float) -0.532158, (float) -0.586329, (float) -0.532158, (float) -0.397863, (float) -0.245024, (float) -0.124293, (float) -0.051930,
(float) 0.002255, (float) 0.005397, (float) 0.010640, (float) 0.017277, (float) 0.023108, (float) 0.025460, (float) 0.023108, (float) 0.017277, (float) 0.010640, (float) 0.005397, (float) 0.002255,
(float) 0.076591, (float) 0.183318, (float) 0.361381, (float) 0.586800, (float) 0.784869, (float) 0.864765, (float) 0.784869, (float) 0.586800, (float) 0.361381, (float) 0.183318, (float) 0.076591,
(float) 0.002255, (float) 0.005397, (float) 0.010640, (float) 0.017277, (float) 0.023108, (float) 0.025460, (float) 0.023108, (float) 0.017277, (float) 0.010640, (float) 0.005397, (float) 0.002255,
(float) -0.051930, (float) -0.124293, (float) -0.245024, (float) -0.397863, (float) -0.532158, (float) -0.586329, (float) -0.532158, (float) -0.397863, (float) -0.245024, (float) -0.124293, (float) -0.051931,
(float) -0.003095, (float) -0.007408, (float) -0.014604, (float) -0.023713, (float) -0.031717, (float) -0.034946, (float) -0.031717, (float) -0.023713, (float) -0.014604, (float) -0.007408, (float) -0.003095,
(float) 0.016185, (float) 0.038738, (float) 0.076365, (float) 0.123999, (float) 0.165854, (float) 0.182737, (float) 0.165854, (float) 0.123999, (float) 0.076365, (float) 0.038738, (float) 0.016185,
(float) 0.001080, (float) 0.002584, (float) 0.005095, (float) 0.008272, (float) 0.011065, (float) 0.012191, (float) 0.011065, (float) 0.008272, (float) 0.005095, (float) 0.002584, (float) 0.001080
};



static const float mask0odd[121] = {
(float) -0.006750, (float) -0.016157, (float) -0.031850, (float) -0.051717, (float) -0.069174, (float) -0.076216, (float) -0.069174, (float) -0.051717, (float) -0.031850, (float) -0.016157, (float) -0.006750,
(float) 0.002082, (float) 0.004983, (float) 0.009823, (float) 0.015951, (float) 0.021335, (float) 0.023507, (float) 0.021335, (float) 0.015951, (float) 0.009823, (float) 0.004983, (float) 0.002082,
(float) 0.031950, (float) 0.076470, (float) 0.150748, (float) 0.244781, (float) 0.327404, (float) 0.360732, (float) 0.327404, (float) 0.244781, (float) 0.150748, (float) 0.076470, (float) 0.031950,
(float) -0.003364, (float) -0.008051, (float) -0.015872, (float) -0.025772, (float) -0.034471, (float) -0.037980, (float) -0.034471, (float) -0.025772, (float) -0.015872, (float) -0.008051, (float) -0.003364,
(float) -0.069501, (float) -0.166347, (float) -0.327927, (float) -0.532478, (float) -0.712211, (float) -0.784711, (float) -0.712211, (float) -0.532478, (float) -0.327927, (float) -0.166347, (float) -0.069501,
(float) 0.000000, (float) 0.000000, (float) -0.000000, (float) 0.000000, (float) -0.000000, (float) 0.000000, (float) 0.000000, (float) 0.000000, (float) -0.000000, (float) 0.000000, (float) -0.000000,
(float) 0.069501, (float) 0.166347, (float) 0.327927, (float) 0.532478, (float) 0.712211, (float) 0.784711, (float) 0.712211, (float) 0.532478, (float) 0.327927, (float) 0.166347, (float) 0.069501,
(float) 0.003364, (float) 0.008051, (float) 0.015872, (float) 0.025772, (float) 0.034471, (float) 0.037980, (float) 0.034471, (float) 0.025772, (float) 0.015872, (float) 0.008051, (float) 0.003364,
(float) -0.031950, (float) -0.076470, (float) -0.150748, (float) -0.244781, (float) -0.327404, (float) -0.360732, (float) -0.327404, (float) -0.244781, (float) -0.150748, (float) -0.076470, (float) -0.031950,
(float) -0.002082, (float) -0.004983, (float) -0.009823, (float) -0.015951, (float) -0.021335, (float) -0.023507, (float) -0.021335, (float) -0.015951, (float) -0.009823, (float) -0.004983, (float) -0.002082,
(float) 0.006750, (float) 0.016157, (float) 0.031850, (float) 0.051717, (float) 0.069174, (float) 0.076216, (float) 0.069174, (float) 0.051717, (float) 0.031850, (float) 0.016157, (float) 0.006750
};

static const float mask1even[121] = {
(float) -0.000733, (float) -0.015229, (float) -0.024329, (float) 0.012068, (float) 0.067731, (float) 0.051447, (float) -0.024400, (float) -0.051866, (float) -0.018398, (float) 0.007574, (float) 0.006844,
(float) -0.015229, (float) -0.029520, (float) 0.017836, (float) 0.121132, (float) 0.111498, (float) -0.064444, (float) -0.165775, (float) -0.071281, (float) 0.035684, (float) 0.039109, (float) 0.007574,
(float) -0.024329, (float) 0.017836, (float) 0.147033, (float) 0.164137, (float) -0.115411, (float) -0.359675, (float) -0.187521, (float) 0.114096, (float) 0.151675, (float) 0.035684, (float) -0.018398,
(float) 0.012068, (float) 0.121132, (float) 0.164137, (float) -0.140153, (float) -0.529780, (float) -0.335022, (float) 0.247611, (float) 0.399315, (float) 0.114096, (float) -0.071281, (float) -0.051866,
(float) 0.067731, (float) 0.111498, (float) -0.115411, (float) -0.529780, (float) -0.406515, (float) 0.364763, (float) 0.713732, (float) 0.247611, (float) -0.187521, (float) -0.165775, (float) -0.024400,
(float) 0.051447, (float) -0.064444, (float) -0.359675, (float) -0.335022, (float) 0.364762, (float) 0.866173, (float) 0.364762, (float) -0.335022, (float) -0.359675, (float) -0.064444, (float) 0.051447,
(float) -0.024400, (float) -0.165775, (float) -0.187521, (float) 0.247611, (float) 0.713732, (float) 0.364763, (float) -0.406515, (float) -0.529780, (float) -0.115411, (float) 0.111498, (float) 0.067731,
(float) -0.051866, (float) -0.071281, (float) 0.114096, (float) 0.399315, (float) 0.247611, (float) -0.335022, (float) -0.529780, (float) -0.140153, (float) 0.164137, (float) 0.121132, (float) 0.012068,
(float) -0.018398, (float) 0.035684, (float) 0.151675, (float) 0.114096, (float) -0.187521, (float) -0.359675, (float) -0.115411, (float) 0.164137, (float) 0.147033, (float) 0.017836, (float) -0.024329,
(float) 0.007574, (float) 0.039109, (float) 0.035684, (float) -0.071281, (float) -0.165775, (float) -0.064444, (float) 0.111498, (float) 0.121132, (float) 0.017836, (float) -0.029519, (float) -0.015229,
(float) 0.006844, (float) 0.007574, (float) -0.018398, (float) -0.051866, (float) -0.024400, (float) 0.051447, (float) 0.067731, (float) 0.012068, (float) -0.024329, (float) -0.015229, (float) -0.000733
};

static const float mask1odd[121] = {
(float) 0.006805, (float) 0.005978, (float) -0.021124, (float) -0.050866, (float) -0.017248, (float) 0.057284, (float) 0.065495, (float) 0.006553, (float) -0.026450, (float) -0.014502, (float) 0.000000,
(float) 0.005978, (float) -0.025653, (float) -0.074925, (float) -0.030720, (float) 0.124424, (float) 0.172401, (float) 0.020779, (float) -0.102644, (float) -0.068253, (float) 0.000000, (float) 0.014502,
(float) -0.021124, (float) -0.074925, (float) -0.037236, (float) 0.183371, (float) 0.308116, (float) 0.044836, (float) -0.270353, (float) -0.218055, (float) 0.000000, (float) 0.068253, (float) 0.026450,
(float) -0.050866, (float) -0.030720, (float) 0.183371, (float) 0.373911, (float) 0.065857, (float) -0.483359, (float) -0.472961, (float) 0.000000, (float) 0.218055, (float) 0.102644, (float) -0.006553,
(float) -0.017248, (float) 0.124424, (float) 0.308116, (float) 0.065857, (float) -0.586651, (float) -0.696537, (float) 0.000000, (float) 0.472961, (float) 0.270353, (float) -0.020779, (float) -0.065495,
(float) 0.057284, (float) 0.172401, (float) 0.044836, (float) -0.483359, (float) -0.696537, (float) -0.000000, (float) 0.696537, (float) 0.483359, (float) -0.044836, (float) -0.172401, (float) -0.057284,
(float) 0.065495, (float) 0.020779, (float) -0.270353, (float) -0.472961, (float) -0.000000, (float) 0.696537, (float) 0.586651, (float) -0.065857, (float) -0.308116, (float) -0.124424, (float) 0.017248,
(float) 0.006553, (float) -0.102644, (float) -0.218055, (float) -0.000000, (float) 0.472961, (float) 0.483359, (float) -0.065857, (float) -0.373911, (float) -0.183371, (float) 0.030720, (float) 0.050866,
(float) -0.026450, (float) -0.068253, (float) -0.000000, (float) 0.218055, (float) 0.270353, (float) -0.044836, (float) -0.308116, (float) -0.183371, (float) 0.037236, (float) 0.074925, (float) 0.021124,
(float) -0.014502, (float) -0.000000, (float) 0.068253, (float) 0.102644, (float) -0.020779, (float) -0.172401, (float) -0.124424, (float) 0.030720, (float) 0.074925, (float) 0.025653, (float) -0.005978,
(float) -0.000000, (float) 0.014502, (float) 0.026450, (float) -0.006553, (float) -0.065495, (float) -0.057284, (float) 0.017248, (float) 0.050866, (float) 0.021124, (float) -0.005978, (float) -0.006805
};

static const float mask2even[121] = {
(float) 0.001080, (float) 0.016185, (float) -0.003095, (float) -0.051930, (float) 0.002255, (float) 0.076591, (float) 0.002255, (float) -0.051930, (float) -0.003095, (float) 0.016185, (float) 0.001080,
(float) 0.002584, (float) 0.038738, (float) -0.007408, (float) -0.124293, (float) 0.005397, (float) 0.183318, (float) 0.005397, (float) -0.124293, (float) -0.007408, (float) 0.038738, (float) 0.002584,
(float) 0.005095, (float) 0.076365, (float) -0.014604, (float) -0.245024, (float) 0.010640, (float) 0.361381, (float) 0.010640, (float) -0.245024, (float) -0.014604, (float) 0.076365, (float) 0.005095,
(float) 0.008272, (float) 0.123999, (float) -0.023713, (float) -0.397863, (float) 0.017277, (float) 0.586800, (float) 0.017277, (float) -0.397863, (float) -0.023713, (float) 0.123999, (float) 0.008272,
(float) 0.011065, (float) 0.165854, (float) -0.031717, (float) -0.532158, (float) 0.023108, (float) 0.784869, (float) 0.023108, (float) -0.532158, (float) -0.031717, (float) 0.165854, (float) 0.011065,
(float) 0.012191, (float) 0.182737, (float) -0.034946, (float) -0.586329, (float) 0.025461, (float) 0.864765, (float) 0.025461, (float) -0.586329, (float) -0.034946, (float) 0.182737, (float) 0.012191,
(float) 0.011065, (float) 0.165854, (float) -0.031717, (float) -0.532158, (float) 0.023108, (float) 0.784869, (float) 0.023108, (float) -0.532158, (float) -0.031717, (float) 0.165854, (float) 0.011065,
(float) 0.008272, (float) 0.123999, (float) -0.023713, (float) -0.397863, (float) 0.017277, (float) 0.586800, (float) 0.017277, (float) -0.397863, (float) -0.023713, (float) 0.123999, (float) 0.008272,
(float) 0.005095, (float) 0.076365, (float) -0.014604, (float) -0.245024, (float) 0.010640, (float) 0.361381, (float) 0.010640, (float) -0.245024, (float) -0.014604, (float) 0.076365, (float) 0.005095,
(float) 0.002584, (float) 0.038738, (float) -0.007408, (float) -0.124293, (float) 0.005397, (float) 0.183318, (float) 0.005397, (float) -0.124293, (float) -0.007408, (float) 0.038738, (float) 0.002584,
(float) 0.001080, (float) 0.016185, (float) -0.003095, (float) -0.051931, (float) 0.002255, (float) 0.076591, (float) 0.002255, (float) -0.051931, (float) -0.003095, (float) 0.016185, (float) 0.001080
};


static const float mask2odd[121] = {
(float) -0.006750, (float) 0.002082, (float) 0.031950, (float) -0.003364, (float) -0.069501, (float) 0.000000, (float) 0.069501, (float) 0.003364, (float) -0.031950, (float) -0.002082, (float) 0.006750,
(float) -0.016157, (float) 0.004983, (float) 0.076470, (float) -0.008051, (float) -0.166347, (float) 0.000000, (float) 0.166347, (float) 0.008051, (float) -0.076470, (float) -0.004983, (float) 0.016157,
(float) -0.031850, (float) 0.009823, (float) 0.150748, (float) -0.015872, (float) -0.327927, (float) 0.000000, (float) 0.327927, (float) 0.015872, (float) -0.150748, (float) -0.009823, (float) 0.031850,
(float) -0.051717, (float) 0.015951, (float) 0.244781, (float) -0.025772, (float) -0.532478, (float) 0.000000, (float) 0.532478, (float) 0.025772, (float) -0.244780, (float) -0.015951, (float) 0.051717,
(float) -0.069174, (float) 0.021335, (float) 0.327404, (float) -0.034471, (float) -0.712211, (float) 0.000000, (float) 0.712211, (float) 0.034471, (float) -0.327404, (float) -0.021335, (float) 0.069174,
(float) -0.076216, (float) 0.023507, (float) 0.360732, (float) -0.037980, (float) -0.784711, (float) -0.000000, (float) 0.784711, (float) 0.037980, (float) -0.360732, (float) -0.023507, (float) 0.076216,
(float) -0.069174, (float) 0.021335, (float) 0.327404, (float) -0.034471, (float) -0.712211, (float) -0.000000, (float) 0.712211, (float) 0.034471, (float) -0.327404, (float) -0.021335, (float) 0.069174,
(float) -0.051717, (float) 0.015951, (float) 0.244781, (float) -0.025772, (float) -0.532478, (float) -0.000000, (float) 0.532478, (float) 0.025772, (float) -0.244781, (float) -0.015951, (float) 0.051717,
(float) -0.031850, (float) 0.009823, (float) 0.150748, (float) -0.015872, (float) -0.327927, (float) -0.000000, (float) 0.327927, (float) 0.015872, (float) -0.150748, (float) -0.009823, (float) 0.031850,
(float) -0.016157, (float) 0.004983, (float) 0.076470, (float) -0.008051, (float) -0.166347, (float) -0.000000, (float) 0.166347, (float) 0.008051, (float) -0.076470, (float) -0.004983, (float) 0.016157,
(float) -0.006750, (float) 0.002082, (float) 0.031950, (float) -0.003364, (float) -0.069501, (float) -0.000000, (float) 0.069501, (float) 0.003364, (float) -0.031950, (float) -0.002082, (float) 0.006750
};

static const float mask3even[121] = {
(float) 0.006844, (float) 0.007574, (float) -0.018398, (float) -0.051866, (float) -0.024400, (float) 0.051447, (float) 0.067731, (float) 0.012068, (float) -0.024329, (float) -0.015229, (float) -0.000733,
(float) 0.007574, (float) 0.039109, (float) 0.035684, (float) -0.071281, (float) -0.165775, (float) -0.064444, (float) 0.111498, (float) 0.121132, (float) 0.017836, (float) -0.029520, (float) -0.015229,
(float) -0.018398, (float) 0.035684, (float) 0.151675, (float) 0.114096, (float) -0.187521, (float) -0.359675, (float) -0.115411, (float) 0.164137, (float) 0.147033, (float) 0.017836, (float) -0.024329,
(float) -0.051866, (float) -0.071281, (float) 0.114096, (float) 0.399315, (float) 0.247611, (float) -0.335022, (float) -0.529780, (float) -0.140153, (float) 0.164137, (float) 0.121132, (float) 0.012068,
(float) -0.024400, (float) -0.165775, (float) -0.187521, (float) 0.247611, (float) 0.713732, (float) 0.364763, (float) -0.406515, (float) -0.529780, (float) -0.115411, (float) 0.111498, (float) 0.067731,
(float) 0.051447, (float) -0.064444, (float) -0.359675, (float) -0.335022, (float) 0.364762, (float) 0.866173, (float) 0.364762, (float) -0.335022, (float) -0.359675, (float) -0.064444, (float) 0.051447,
(float) 0.067731, (float) 0.111498, (float) -0.115411, (float) -0.529780, (float) -0.406515, (float) 0.364763, (float) 0.713732, (float) 0.247611, (float) -0.187521, (float) -0.165775, (float) -0.024400,
(float) 0.012068, (float) 0.121132, (float) 0.164137, (float) -0.140153, (float) -0.529780, (float) -0.335022, (float) 0.247611, (float) 0.399315, (float) 0.114096, (float) -0.071281, (float) -0.051866,
(float) -0.024329, (float) 0.017836, (float) 0.147033, (float) 0.164137, (float) -0.115411, (float) -0.359675, (float) -0.187521, (float) 0.114096, (float) 0.151675, (float) 0.035684, (float) -0.018398,
(float) -0.015229, (float) -0.029519, (float) 0.017836, (float) 0.121132, (float) 0.111498, (float) -0.064444, (float) -0.165775, (float) -0.071281, (float) 0.035684, (float) 0.039109, (float) 0.007574,
(float) -0.000733, (float) -0.015229, (float) -0.024329, (float) 0.012068, (float) 0.067731, (float) 0.051447, (float) -0.024400, (float) -0.051866, (float) -0.018398, (float) 0.007574, (float) 0.006844
};
static const float mask3odd[121] = {
(float) 0.000000, (float) 0.014502, (float) 0.026450, (float) -0.006553, (float) -0.065495, (float) -0.057284, (float) 0.017248, (float) 0.050866, (float) 0.021124, (float) -0.005978, (float) -0.006805,
(float) -0.014502, (float) -0.000000, (float) 0.068253, (float) 0.102644, (float) -0.020779, (float) -0.172401, (float) -0.124424, (float) 0.030720, (float) 0.074925, (float) 0.025653, (float) -0.005978,
(float) -0.026450, (float) -0.068253, (float) 0.000000, (float) 0.218055, (float) 0.270353, (float) -0.044836, (float) -0.308116, (float) -0.183371, (float) 0.037236, (float) 0.074925, (float) 0.021124,
(float) 0.006553, (float) -0.102644, (float) -0.218055, (float) 0.000000, (float) 0.472962, (float) 0.483359, (float) -0.065857, (float) -0.373911, (float) -0.183371, (float) 0.030720, (float) 0.050866,
(float) 0.065495, (float) 0.020779, (float) -0.270353, (float) -0.472961, (float) 0.000000, (float) 0.696537, (float) 0.586651, (float) -0.065857, (float) -0.308116, (float) -0.124424, (float) 0.017248,
(float) 0.057284, (float) 0.172401, (float) 0.044836, (float) -0.483359, (float) -0.696537, (float) -0.000000, (float) 0.696537, (float) 0.483359, (float) -0.044836, (float) -0.172401, (float) -0.057284,
(float) -0.017248, (float) 0.124424, (float) 0.308116, (float) 0.065857, (float) -0.586651, (float) -0.696537, (float) -0.000000, (float) 0.472961, (float) 0.270353, (float) -0.020779, (float) -0.065495,
(float) -0.050866, (float) -0.030720, (float) 0.183371, (float) 0.373911, (float) 0.065857, (float) -0.483359, (float) -0.472961, (float) -0.000000, (float) 0.218055, (float) 0.102644, (float) -0.006553,
(float) -0.021124, (float) -0.074925, (float) -0.037236, (float) 0.183371, (float) 0.308116, (float) 0.044836, (float) -0.270353, (float) -0.218055, (float) -0.000000, (float) 0.068253, (float) 0.026450,
(float) 0.005978, (float) -0.025653, (float) -0.074925, (float) -0.030720, (float) 0.124424, (float) 0.172401, (float) 0.020779, (float) -0.102644, (float) -0.068253, (float) -0.000000, (float) 0.014502,
(float) 0.006805, (float) 0.005978, (float) -0.021124, (float) -0.050866, (float) -0.017248, (float) 0.057284, (float) 0.065495, (float) 0.006553, (float) -0.026450, (float) -0.014502, (float) -0.000000
};

static const float mask4even[529] = {
(float) -0.001696, (float) -0.002843, (float) -0.004536, (float) -0.006892, (float) -0.009967, (float) -0.013723, (float) -0.017987, (float) -0.022444, (float) -0.026661, (float) -0.030151, (float) -0.032460, (float) -0.033268, (float) -0.032460, (float) -0.030151, (float) -0.026661, (float) -0.022444, (float) -0.017987, (float) -0.013723, (float) -0.009967, (float) -0.006892, (float) -0.004536, (float) -0.002843, (float) -0.001696,
(float) 0.000164, (float) 0.000275, (float) 0.000439, (float) 0.000667, (float) 0.000965, (float) 0.001328, (float) 0.001741, (float) 0.002172, (float) 0.002580, (float) 0.002918, (float) 0.003141, (float) 0.003219, (float) 0.003141, (float) 0.002918, (float) 0.002580, (float) 0.002172, (float) 0.001741, (float) 0.001328, (float) 0.000965, (float) 0.000667, (float) 0.000439, (float) 0.000275, (float) 0.000164,
(float) 0.004907, (float) 0.008226, (float) 0.013127, (float) 0.019942, (float) 0.028842, (float) 0.039710, (float) 0.052049, (float) 0.064946, (float) 0.077150, (float) 0.087247, (float) 0.093929, (float) 0.096268, (float) 0.093929, (float) 0.087247, (float) 0.077150, (float) 0.064946, (float) 0.052049, (float) 0.039710, (float) 0.028842, (float) 0.019942, (float) 0.013127, (float) 0.008226, (float) 0.004907,
(float) 0.010185, (float) 0.017073, (float) 0.027245, (float) 0.041391, (float) 0.059861, (float) 0.082419, (float) 0.108028, (float) 0.134798, (float) 0.160127, (float) 0.181083, (float) 0.194952, (float) 0.199807, (float) 0.194952, (float) 0.181083, (float) 0.160127, (float) 0.134798, (float) 0.108028, (float) 0.082419, (float) 0.059861, (float) 0.041391, (float) 0.027245, (float) 0.017073, (float) 0.010185,
(float) 0.010131, (float) 0.016982, (float) 0.027100, (float) 0.041170, (float) 0.059542, (float) 0.081979, (float) 0.107452, (float) 0.134080, (float) 0.159273, (float) 0.180118, (float) 0.193912, (float) 0.198742, (float) 0.193912, (float) 0.180118, (float) 0.159273, (float) 0.134080, (float) 0.107452, (float) 0.081979, (float) 0.059542, (float) 0.041170, (float) 0.027100, (float) 0.016982, (float) 0.010131,
(float) -0.000477, (float) -0.000799, (float) -0.001276, (float) -0.001938, (float) -0.002803, (float) -0.003859, (float) -0.005058, (float) -0.006311, (float) -0.007497, (float) -0.008478, (float) -0.009127, (float) -0.009354, (float) -0.009127, (float) -0.008478, (float) -0.007497, (float) -0.006311, (float) -0.005058, (float) -0.003859, (float) -0.002803, (float) -0.001938, (float) -0.001276, (float) -0.000799, (float) -0.000477,
(float) -0.019168, (float) -0.032130, (float) -0.051273, (float) -0.077894, (float) -0.112654, (float) -0.155106, (float) -0.203301, (float) -0.253680, (float) -0.301346, (float) -0.340785, (float) -0.366884, (float) -0.376021, (float) -0.366884, (float) -0.340785, (float) -0.301346, (float) -0.253680, (float) -0.203301, (float) -0.155106, (float) -0.112654, (float) -0.077894, (float) -0.051273, (float) -0.032130, (float) -0.019168,
(float) -0.033175, (float) -0.055610, (float) -0.088743, (float) -0.134817, (float) -0.194980, (float) -0.268454, (float) -0.351870, (float) -0.439065, (float) -0.521565, (float) -0.589825, (float) -0.634997, (float) -0.650810, (float) -0.634997, (float) -0.589825, (float) -0.521565, (float) -0.439065, (float) -0.351870, (float) -0.268454, (float) -0.194980, (float) -0.134817, (float) -0.088743, (float) -0.055610, (float) -0.033175,
(float) -0.027539, (float) -0.046162, (float) -0.073666, (float) -0.111912, (float) -0.161854, (float) -0.222845, (float) -0.292089, (float) -0.364469, (float) -0.432953, (float) -0.489616, (float) -0.527114, (float) -0.540241, (float) -0.527114, (float) -0.489616, (float) -0.432954, (float) -0.364469, (float) -0.292089, (float) -0.222845, (float) -0.161854, (float) -0.111912, (float) -0.073666, (float) -0.046162, (float) -0.027539,
(float) 0.000350, (float) 0.000586, (float) 0.000936, (float) 0.001421, (float) 0.002056, (float) 0.002830, (float) 0.003710, (float) 0.004629, (float) 0.005499, (float) 0.006219, (float) 0.006695, (float) 0.006862, (float) 0.006695, (float) 0.006219, (float) 0.005499, (float) 0.004629, (float) 0.003710, (float) 0.002830, (float) 0.002056, (float) 0.001421, (float) 0.000936, (float) 0.000586, (float) 0.000350,
(float) 0.034061, (float) 0.057096, (float) 0.091113, (float) 0.138419, (float) 0.200189, (float) 0.275625, (float) 0.361269, (float) 0.450793, (float) 0.535498, (float) 0.605581, (float) 0.651959, (float) 0.668195, (float) 0.651959, (float) 0.605581, (float) 0.535498, (float) 0.450793, (float) 0.361269, (float) 0.275625, (float) 0.200189, (float) 0.138419, (float) 0.091113, (float) 0.057096, (float) 0.034061,
(float) 0.049176, (float) 0.082433, (float) 0.131547, (float) 0.199845, (float) 0.289027, (float) 0.397939, (float) 0.521590, (float) 0.650842, (float) 0.773135, (float) 0.874319, (float) 0.941280, (float) 0.964721, (float) 0.941279, (float) 0.874319, (float) 0.773135, (float) 0.650842, (float) 0.521590, (float) 0.397939, (float) 0.289027, (float) 0.199845, (float) 0.131547, (float) 0.082433, (float) 0.049176,
(float) 0.034061, (float) 0.057096, (float) 0.091113, (float) 0.138419, (float) 0.200189, (float) 0.275625, (float) 0.361269, (float) 0.450793, (float) 0.535498, (float) 0.605581, (float) 0.651959, (float) 0.668195, (float) 0.651959, (float) 0.605581, (float) 0.535497, (float) 0.450793, (float) 0.361269, (float) 0.275625, (float) 0.200189, (float) 0.138419, (float) 0.091113, (float) 0.057096, (float) 0.034061,
(float) 0.000350, (float) 0.000586, (float) 0.000936, (float) 0.001421, (float) 0.002056, (float) 0.002830, (float) 0.003710, (float) 0.004629, (float) 0.005499, (float) 0.006219, (float) 0.006695, (float) 0.006862, (float) 0.006695, (float) 0.006219, (float) 0.005499, (float) 0.004629, (float) 0.003710, (float) 0.002830, (float) 0.002056, (float) 0.001421, (float) 0.000936, (float) 0.000586, (float) 0.000350,
(float) -0.027539, (float) -0.046162, (float) -0.073666, (float) -0.111912, (float) -0.161854, (float) -0.222845, (float) -0.292089, (float) -0.364469, (float) -0.432953, (float) -0.489616, (float) -0.527114, (float) -0.540240, (float) -0.527114, (float) -0.489616, (float) -0.432953, (float) -0.364469, (float) -0.292089, (float) -0.222845, (float) -0.161854, (float) -0.111912, (float) -0.073666, (float) -0.046162, (float) -0.027539,
(float) -0.033175, (float) -0.055610, (float) -0.088743, (float) -0.134817, (float) -0.194980, (float) -0.268454, (float) -0.351870, (float) -0.439064, (float) -0.521565, (float) -0.589825, (float) -0.634997, (float) -0.650811, (float) -0.634997, (float) -0.589825, (float) -0.521565, (float) -0.439064, (float) -0.351870, (float) -0.268454, (float) -0.194980, (float) -0.134817, (float) -0.088743, (float) -0.055610, (float) -0.033175,
(float) -0.019168, (float) -0.032130, (float) -0.051273, (float) -0.077894, (float) -0.112654, (float) -0.155105, (float) -0.203301, (float) -0.253680, (float) -0.301346, (float) -0.340785, (float) -0.366884, (float) -0.376021, (float) -0.366884, (float) -0.340785, (float) -0.301346, (float) -0.253680, (float) -0.203301, (float) -0.155106, (float) -0.112654, (float) -0.077894, (float) -0.051273, (float) -0.032130, (float) -0.019168,
(float) -0.000477, (float) -0.000799, (float) -0.001276, (float) -0.001938, (float) -0.002803, (float) -0.003859, (float) -0.005058, (float) -0.006311, (float) -0.007497, (float) -0.008478, (float) -0.009127, (float) -0.009354, (float) -0.009127, (float) -0.008478, (float) -0.007497, (float) -0.006311, (float) -0.005058, (float) -0.003859, (float) -0.002803, (float) -0.001938, (float) -0.001276, (float) -0.000799, (float) -0.000477,
(float) 0.010131, (float) 0.016982, (float) 0.027100, (float) 0.041170, (float) 0.059542, (float) 0.081979, (float) 0.107452, (float) 0.134080, (float) 0.159273, (float) 0.180118, (float) 0.193912, (float) 0.198741, (float) 0.193912, (float) 0.180118, (float) 0.159273, (float) 0.134080, (float) 0.107452, (float) 0.081979, (float) 0.059542, (float) 0.041170, (float) 0.027100, (float) 0.016982, (float) 0.010131,
(float) 0.010185, (float) 0.017073, (float) 0.027245, (float) 0.041391, (float) 0.059861, (float) 0.082419, (float) 0.108028, (float) 0.134798, (float) 0.160127, (float) 0.181083, (float) 0.194952, (float) 0.199807, (float) 0.194952, (float) 0.181083, (float) 0.160127, (float) 0.134798, (float) 0.108028, (float) 0.082419, (float) 0.059861, (float) 0.041391, (float) 0.027245, (float) 0.017073, (float) 0.010185,
(float) 0.004907, (float) 0.008226, (float) 0.013127, (float) 0.019942, (float) 0.028841, (float) 0.039710, (float) 0.052049, (float) 0.064946, (float) 0.077150, (float) 0.087247, (float) 0.093929, (float) 0.096268, (float) 0.093929, (float) 0.087247, (float) 0.077150, (float) 0.064946, (float) 0.052049, (float) 0.039710, (float) 0.028841, (float) 0.019942, (float) 0.013127, (float) 0.008226, (float) 0.004907,
(float) 0.000164, (float) 0.000275, (float) 0.000439, (float) 0.000667, (float) 0.000965, (float) 0.001328, (float) 0.001741, (float) 0.002172, (float) 0.002580, (float) 0.002918, (float) 0.003141, (float) 0.003219, (float) 0.003141, (float) 0.002918, (float) 0.002580, (float) 0.002172, (float) 0.001741, (float) 0.001328, (float) 0.000965, (float) 0.000667, (float) 0.000439, (float) 0.000275, (float) 0.000164,
(float) -0.001696, (float) -0.002843, (float) -0.004536, (float) -0.006892, (float) -0.009967, (float) -0.013723, (float) -0.017987, (float) -0.022444, (float) -0.026661, (float) -0.030151, (float) -0.032460, (float) -0.033268, (float) -0.032460, (float) -0.030151, (float) -0.026661, (float) -0.022444, (float) -0.017987, (float) -0.013723, (float) -0.009967, (float) -0.006892, (float) -0.004536, (float) -0.002843, (float) -0.001696
};

static const float mask4odd[529] = {
(float) -0.001848, (float) -0.003098, (float) -0.004943, (float) -0.007510, (float) -0.010861, (float) -0.014954, (float) -0.019601, (float) -0.024458, (float) -0.029053, (float) -0.032856, (float) -0.035372, (float) -0.036253, (float) -0.035372, (float) -0.032856, (float) -0.029053, (float) -0.024458, (float) -0.019601, (float) -0.014954, (float) -0.010861, (float) -0.007510, (float) -0.004943, (float) -0.003098, (float) -0.001848,
(float) -0.004201, (float) -0.007042, (float) -0.011237, (float) -0.017071, (float) -0.024689, (float) -0.033993, (float) -0.044555, (float) -0.055596, (float) -0.066043, (float) -0.074686, (float) -0.080406, (float) -0.082409, (float) -0.080406, (float) -0.074686, (float) -0.066043, (float) -0.055596, (float) -0.044555, (float) -0.033993, (float) -0.024689, (float) -0.017071, (float) -0.011237, (float) -0.007042, (float) -0.004201,
(float) -0.004574, (float) -0.007667, (float) -0.012234, (float) -0.018586, (float) -0.026881, (float) -0.037010, (float) -0.048510, (float) -0.060531, (float) -0.071905, (float) -0.081315, (float) -0.087543, (float) -0.089723, (float) -0.087543, (float) -0.081315, (float) -0.071905, (float) -0.060531, (float) -0.048510, (float) -0.037010, (float) -0.026881, (float) -0.018586, (float) -0.012234, (float) -0.007667, (float) -0.004574,
(float) 0.000319, (float) 0.000534, (float) 0.000853, (float) 0.001296, (float) 0.001874, (float) 0.002580, (float) 0.003382, (float) 0.004220, (float) 0.005013, (float) 0.005669, (float) 0.006103, (float) 0.006255, (float) 0.006103, (float) 0.005669, (float) 0.005013, (float) 0.004220, (float) 0.003382, (float) 0.002580, (float) 0.001874, (float) 0.001296, (float) 0.000853, (float) 0.000534, (float) 0.000319,
(float) 0.010702, (float) 0.017939, (float) 0.028627, (float) 0.043491, (float) 0.062898, (float) 0.086600, (float) 0.113509, (float) 0.141637, (float) 0.168251, (float) 0.190271, (float) 0.204843, (float) 0.209944, (float) 0.204843, (float) 0.190271, (float) 0.168251, (float) 0.141637, (float) 0.113509, (float) 0.086600, (float) 0.062898, (float) 0.043491, (float) 0.028627, (float) 0.017939, (float) 0.010702,
(float) 0.020283, (float) 0.033999, (float) 0.054256, (float) 0.082425, (float) 0.119208, (float) 0.164129, (float) 0.215128, (float) 0.268438, (float) 0.318878, (float) 0.360611, (float) 0.388228, (float) 0.397896, (float) 0.388228, (float) 0.360611, (float) 0.318878, (float) 0.268438, (float) 0.215128, (float) 0.164129, (float) 0.119208, (float) 0.082425, (float) 0.054256, (float) 0.033999, (float) 0.020283,
(float) 0.018431, (float) 0.030895, (float) 0.049302, (float) 0.074899, (float) 0.108323, (float) 0.149142, (float) 0.195484, (float) 0.243926, (float) 0.289760, (float) 0.327682, (float) 0.352778, (float) 0.361563, (float) 0.352778, (float) 0.327682, (float) 0.289760, (float) 0.243926, (float) 0.195484, (float) 0.149142, (float) 0.108323, (float) 0.074899, (float) 0.049302, (float) 0.030895, (float) 0.018431,
(float) -0.000520, (float) -0.000872, (float) -0.001392, (float) -0.002115, (float) -0.003059, (float) -0.004211, (float) -0.005520, (float) -0.006888, (float) -0.008182, (float) -0.009253, (float) -0.009962, (float) -0.010210, (float) -0.009962, (float) -0.009253, (float) -0.008182, (float) -0.006888, (float) -0.005520, (float) -0.004211, (float) -0.003059, (float) -0.002115, (float) -0.001392, (float) -0.000872, (float) -0.000520,
(float) -0.028195, (float) -0.047262, (float) -0.075421, (float) -0.114578, (float) -0.165709, (float) -0.228153, (float) -0.299046, (float) -0.373151, (float) -0.443266, (float) -0.501278, (float) -0.539669, (float) -0.553109, (float) -0.539669, (float) -0.501278, (float) -0.443266, (float) -0.373151, (float) -0.299046, (float) -0.228153, (float) -0.165709, (float) -0.114578, (float) -0.075421, (float) -0.047262, (float) -0.028195,
(float) -0.044568, (float) -0.074708, (float) -0.119219, (float) -0.181116, (float) -0.261940, (float) -0.360645, (float) -0.472707, (float) -0.589846, (float) -0.700679, (float) -0.792379, (float) -0.853065, (float) -0.874309, (float) -0.853065, (float) -0.792379, (float) -0.700678, (float) -0.589846, (float) -0.472707, (float) -0.360645, (float) -0.261940, (float) -0.181116, (float) -0.119219, (float) -0.074708, (float) -0.044568,
(float) -0.033795, (float) -0.056649, (float) -0.090401, (float) -0.137336, (float) -0.198624, (float) -0.273470, (float) -0.358445, (float) -0.447268, (float) -0.531311, (float) -0.600846, (float) -0.646862, (float) -0.662971, (float) -0.646862, (float) -0.600846, (float) -0.531311, (float) -0.447268, (float) -0.358445, (float) -0.273470, (float) -0.198624, (float) -0.137336, (float) -0.090401, (float) -0.056649, (float) -0.033795,
(float) -0.000000, (float) -0.000000, (float) -0.000000, (float) -0.000000, (float) -0.000000, (float) 0.000000, (float) -0.000000, (float) -0.000000, (float) 0.000000, (float) 0.000000, (float) -0.000000, (float) 0.000000, (float) -0.000000, (float) -0.000000, (float) -0.000000, (float) 0.000000, (float) -0.000000, (float) -0.000000, (float) 0.000000, (float) 0.000000, (float) -0.000000, (float) -0.000000, (float) 0.000000,
(float) 0.033795, (float) 0.056649, (float) 0.090401, (float) 0.137336, (float) 0.198624, (float) 0.273470, (float) 0.358445, (float) 0.447268, (float) 0.531311, (float) 0.600846, (float) 0.646862, (float) 0.662971, (float) 0.646862, (float) 0.600846, (float) 0.531311, (float) 0.447268, (float) 0.358445, (float) 0.273470, (float) 0.198624, (float) 0.137336, (float) 0.090401, (float) 0.056649, (float) 0.033795,
(float) 0.044568, (float) 0.074708, (float) 0.119219, (float) 0.181116, (float) 0.261940, (float) 0.360645, (float) 0.472707, (float) 0.589846, (float) 0.700679, (float) 0.792380, (float) 0.853064, (float) 0.874309, (float) 0.853065, (float) 0.792380, (float) 0.700679, (float) 0.589846, (float) 0.472707, (float) 0.360645, (float) 0.261940, (float) 0.181116, (float) 0.119219, (float) 0.074708, (float) 0.044568,
(float) 0.028195, (float) 0.047262, (float) 0.075421, (float) 0.114578, (float) 0.165709, (float) 0.228153, (float) 0.299046, (float) 0.373151, (float) 0.443266, (float) 0.501279, (float) 0.539669, (float) 0.553109, (float) 0.539669, (float) 0.501279, (float) 0.443266, (float) 0.373151, (float) 0.299046, (float) 0.228153, (float) 0.165709, (float) 0.114578, (float) 0.075421, (float) 0.047262, (float) 0.028195,
(float) 0.000520, (float) 0.000872, (float) 0.001392, (float) 0.002115, (float) 0.003059, (float) 0.004211, (float) 0.005520, (float) 0.006888, (float) 0.008182, (float) 0.009253, (float) 0.009962, (float) 0.010210, (float) 0.009962, (float) 0.009253, (float) 0.008182, (float) 0.006888, (float) 0.005520, (float) 0.004211, (float) 0.003059, (float) 0.002115, (float) 0.001392, (float) 0.000872, (float) 0.000520,
(float) -0.018431, (float) -0.030895, (float) -0.049302, (float) -0.074899, (float) -0.108323, (float) -0.149142, (float) -0.195484, (float) -0.243926, (float) -0.289760, (float) -0.327682, (float) -0.352778, (float) -0.361563, (float) -0.352778, (float) -0.327682, (float) -0.289760, (float) -0.243926, (float) -0.195484, (float) -0.149142, (float) -0.108323, (float) -0.074899, (float) -0.049302, (float) -0.030895, (float) -0.018431,
(float) -0.020283, (float) -0.033999, (float) -0.054256, (float) -0.082425, (float) -0.119208, (float) -0.164129, (float) -0.215128, (float) -0.268438, (float) -0.318878, (float) -0.360611, (float) -0.388228, (float) -0.397896, (float) -0.388228, (float) -0.360611, (float) -0.318878, (float) -0.268438, (float) -0.215128, (float) -0.164129, (float) -0.119208, (float) -0.082425, (float) -0.054256, (float) -0.033999, (float) -0.020283,
(float) -0.010702, (float) -0.017939, (float) -0.028627, (float) -0.043491, (float) -0.062898, (float) -0.086600, (float) -0.113509, (float) -0.141637, (float) -0.168251, (float) -0.190271, (float) -0.204843, (float) -0.209944, (float) -0.204843, (float) -0.190271, (float) -0.168251, (float) -0.141637, (float) -0.113509, (float) -0.086600, (float) -0.062898, (float) -0.043491, (float) -0.028627, (float) -0.017939, (float) -0.010702,
(float) -0.000319, (float) -0.000534, (float) -0.000853, (float) -0.001296, (float) -0.001874, (float) -0.002580, (float) -0.003382, (float) -0.004220, (float) -0.005013, (float) -0.005669, (float) -0.006103, (float) -0.006255, (float) -0.006103, (float) -0.005669, (float) -0.005013, (float) -0.004220, (float) -0.003382, (float) -0.002580, (float) -0.001874, (float) -0.001296, (float) -0.000853, (float) -0.000534, (float) -0.000319,
(float) 0.004574, (float) 0.007667, (float) 0.012234, (float) 0.018586, (float) 0.026881, (float) 0.037010, (float) 0.048510, (float) 0.060531, (float) 0.071905, (float) 0.081315, (float) 0.087543, (float) 0.089723, (float) 0.087543, (float) 0.081315, (float) 0.071905, (float) 0.060531, (float) 0.048510, (float) 0.037010, (float) 0.026881, (float) 0.018586, (float) 0.012234, (float) 0.007667, (float) 0.004574,
(float) 0.004201, (float) 0.007042, (float) 0.011237, (float) 0.017071, (float) 0.024689, (float) 0.033993, (float) 0.044555, (float) 0.055596, (float) 0.066043, (float) 0.074686, (float) 0.080406, (float) 0.082409, (float) 0.080406, (float) 0.074686, (float) 0.066043, (float) 0.055596, (float) 0.044555, (float) 0.033993, (float) 0.024689, (float) 0.017071, (float) 0.011237, (float) 0.007042, (float) 0.004201,
